imgsz: 416
lr0: 0.0005883119045512159
lrf: 0.37816667425355593
weight_decay: 1.636390887946845e-05
scale: 0.7010969190362314
mosaic: 0.2496244156164783
mixup: 0.027928374846830622
copy_paste: 0.07726939984666262
freeze: 8
